24 30
0 0 0 0 0 0 0 0 0 0 0 0 0 0 0 0 0 0 0 0 0 0 0 0
0 0 0 0 0 0 0 0 0 0 15 0 0 0 0 0 0 0 0 0 0 0 0 0
0 0 4 4 0 18 19 0 17 0 2 0 6 5 5 5 5 5 5 5 5 5 5 7
0 0 3 4 4 0 0 0 0 0 2 0 10 0 0 0 0 3 0 0 3 0 0 10
0 0 0 0 0 0 0 0 0 0 1 0 10 0 0 3 0 0 3 0 0 3 0 10
0 0 0 17 0 0 0 18 19 0 0 0 10 0 17 0 4 3 0 3 4 0 0 10
0 0 0 0 0 0 0 0 0 0 17 0 10 3 0 3 0 4 0 0 4 0 3 10
0 0 0 18 19 0 0 0 0 0 0 0 10 0 0 0 3 0 0 3 0 3 0 10
0 0 0 0 0 0 0 0 18 19 0 0 10 0 3 0 0 0 3 0 4 3 0 10
0 0 16 0 0 0 4 0 0 0 0 0 10 0 0 0 4 0 0 4 0 17 0 10
0 13 12 0 0 0 0 0 0 0 17 0 10 0 0 3 0 4 0 4 0 0 3 10
0 0 1 0 0 0 15 0 0 0 0 0 10 0 0 0 3 0 0 0 0 3 0 10
0 0 0 0 0 0 11 14 0 0 0 0 10 0 0 0 0 0 0 0 0 3 0 10
0 0 0 18 19 0 1 0 0 0 0 0 8 5 0 0 0 5 5 5 5 5 5 9
0 0 0 0 0 0 0 0 0 18 19 0 0 0 0 0 0 0 0 0 0 0 0 0
0 0 0 0 0 0 0 0 0 0 0 0 0 0 0 0 0 0 0 0 0 0 0 0
0 0 17 0 0 0 0 0 0 0 0 0 0 0 0 0 0 0 0 0 0 0 0 0
0 0 0 0 0 0 0 0 0 16 0 0 0 0 0 0 0 0 0 0 0 0 0 0
0 0 0 0 0 4 0 0 13 12 0 0 0 0 0 0 0 0 0 18 19 0 0 0
0 0 18 19 0 0 0 0 0 1 0 0 0 18 19 0 0 0 0 0 0 0 0 0
0 0 0 0 0 0 18 19 0 0 0 0 0 0 0 0 0 0 0 0 0 0 0 0
0 0 0 0 0 0 0 0 0 0 0 0 0 0 0 0 0 0 0 0 0 0 0 0
0 0 0 0 0 0 0 0 0 4 0 0 0 0 0 0 21 27 27 22 0 0 0 0
0 0 0 17 0 0 0 15 0 0 0 0 0 0 21 27 28 20 20 29 27 22 0 0
0 0 0 0 0 0 13 12 0 0 0 0 0 0 28 20 20 25 26 20 20 29 0 0
0 0 0 0 0 0 0 11 14 0 0 17 0 0 28 30 30 24 23 30 30 29 0 0
0 0 0 0 18 19 0 1 0 0 0 0 0 0 0 0 0 0 0 0 0 0 0 0
0 0 0 0 0 0 0 0 0 0 0 0 0 0 0 0 0 0 0 0 0 0 0 0
0 0 4 0 0 0 0 0 0 0 0 0 0 0 0 0 0 0 0 0 0 0 0 0
0 0 0 0 0 0 0 0 0 0 0 0 0 0 0 0 0 0 0 0 0 0 0 0