24 30
1 1 1 0 20 20 20 20 20 20 20 20 20 20 0 14 2 20 2 1 1 1 1 1
1 1 1 0 20 20 20 20 20 20 20 20 20 20 3 4 5 20 2 1 1 1 1 1
1 1 1 0 20 20 20 20 20 20 20 20 20 20 6 7 8 20 2 1 1 16 17 1
1 1 1 0 20 20 20 20 20 20 20 20 20 20 6 7 8 20 2 1 1 3 5 1
1 1 1 0 20 20 20 20 20 20 20 20 20 20 9 7 10 20 2 1 1 6 8 1
1 1 1 0 20 20 20 20 20 20 20 20 20 20 20 20 20 20 2 1 1 6 8 1
1 1 1 0 20 20 20 20 20 20 20 20 20 20 20 20 20 20 2 1 1 9 10 1
1 1 1 3 13 20 20 20 20 20 20 20 20 20 20 20 20 14 5 1 1 1 1 1
1 1 1 6 12 13 20 20 20 20 20 20 20 20 20 20 14 11 8 1 1 1 1 1
1 1 1 6 6 12 4 4 4 4 4 4 4 4 4 4 11 8 8 1 1 1 1 1
1 1 1 9 6 6 7 7 7 7 7 7 7 7 7 7 8 8 10 1 1 1 1 1
1 1 1 1 9 6 7 7 7 7 7 7 7 7 7 7 8 10 1 1 1 1 1 1
1 1 1 1 1 9 7 7 7 7 7 7 7 7 7 7 10 1 1 1 1 1 1 1
1 1 1 1 1 1 1 1 1 1 1 1 1 1 1 1 1 1 19 16 15 15 15 15
1 1 1 1 1 1 1 1 1 1 1 1 1 1 1 1 1 19 16 20 20 20 20 20
1 1 1 1 19 16 15 15 15 15 15 15 17 18 1 1 1 16 20 20 20 20 20 20
1 1 19 16 15 20 20 20 20 20 20 20 20 17 1 1 1 0 20 20 20 16 15 15
1 1 16 20 20 20 20 20 20 20 20 20 20 2 1 1 1 0 20 13 13 0 20 20
1 1 0 20 20 20 20 20 20 20 20 20 20 2 1 1 1 0 13 13 13 3 4 4
1 1 0 20 20 20 20 20 20 20 20 20 20 2 1 1 1 0 13 13 13 6 7 7
1 1 0 20 20 20 20 20 20 20 20 20 20 2 1 1 1 0 13 13 13 9 7 7
1 1 0 20 20 20 20 20 20 20 20 20 20 2 1 1 1 3 13 13 13 13 13 13
1 1 3 13 20 20 20 20 20 20 20 20 14 5 1 1 1 6 12 13 13 13 13 13
1 1 6 12 13 20 20 20 20 20 20 14 11 8 1 1 1 6 6 12 4 4 4 4
1 1 6 6 12 4 4 4 4 4 4 11 8 8 1 1 1 6 6 6 7 7 7 7
1 1 6 6 6 7 7 7 7 7 7 8 8 8 1 1 1 9 6 6 7 7 7 7
1 1 9 6 6 7 7 7 7 7 7 8 8 10 1 1 1 1 9 6 7 7 7 7
1 1 1 9 6 7 7 7 7 7 7 8 10 1 1 1 1 1 1 9 7 7 7 7
1 1 1 1 9 7 7 7 7 7 7 10 1 1 1 1 1 1 1 1 1 1 1 1
1 1 1 1 1 1 1 1 1 1 1 1 1 1 1 1 1 1 1 1 1 1 1 1