24 30
0 0 0 0 0 0 0 0 0 0 0 0 0 0 0 0 0 0 0 0 0 0 0 0
0 0 0 1 1 1 1 1 1 0 0 0 0 0 0 0 0 0 0 0 0 0 0 0
0 0 0 0 18 0 18 0 18 0 0 0 0 0 0 0 0 0 0 0 0 0 0 0
0 0 0 0 23 18 23 18 23 0 0 0 2 0 0 0 0 0 5 6 7 8 0 0
0 0 0 0 19 25 3 19 25 0 0 0 2 0 0 0 0 0 9 10 11 12 0 0
0 2 0 0 20 26 3 20 26 0 0 0 2 0 0 0 0 0 13 14 15 16 0 0
0 2 0 0 0 0 0 0 0 0 0 0 0 0 0 0 0 0 0 0 0 0 0 0
0 2 0 0 0 0 0 0 0 0 0 0 0 0 0 0 0 0 0 0 0 0 0 0
0 0 0 0 0 0 0 0 0 0 0 0 0 0 0 0 0 0 0 0 0 0 0 0
0 0 0 0 0 0 0 0 0 0 0 0 0 0 0 0 0 2 0 0 0 0 0 0
0 0 0 0 0 0 0 0 0 0 0 0 0 0 0 0 0 2 0 0 0 0 0 0
0 0 0 2 0 0 0 0 0 5 6 7 8 0 0 0 0 2 0 0 0 0 0 0
0 0 0 2 0 0 0 0 0 9 10 11 12 0 0 0 0 0 0 0 0 0 0 0
0 0 0 2 0 0 0 0 0 13 14 15 16 0 0 0 0 0 0 0 0 0 0 0
0 0 0 0 0 0 0 0 0 0 0 0 0 0 0 0 0 0 0 0 0 2 0 0
0 1 0 0 0 0 0 0 0 0 0 0 0 0 0 0 0 0 0 0 0 2 0 0
0 0 1 0 0 0 0 0 0 0 0 0 0 0 0 0 0 0 0 0 0 2 0 0
0 0 2 0 0 0 0 0 2 0 0 0 0 0 0 0 0 0 0 0 0 0 0 0
0 0 2 0 0 0 0 0 2 0 0 0 0 0 2 0 0 0 0 0 0 0 0 0
0 0 2 0 0 0 0 0 2 0 0 0 0 0 2 0 0 0 0 0 0 0 0 0
0 0 1 0 0 0 0 0 0 0 0 0 0 0 2 0 0 0 5 6 7 8 0 0
0 0 0 0 0 0 0 0 0 0 0 0 0 0 0 0 0 0 9 10 11 12 0 0
0 0 0 0 0 0 0 0 0 0 0 0 0 0 0 0 0 0 13 14 15 16 0 0
0 0 0 0 0 0 0 2 0 0 0 0 0 0 0 0 0 0 0 0 0 0 0 0
0 0 0 0 0 0 0 2 0 0 0 0 0 0 0 0 0 0 0 0 0 0 0 0
0 0 5 6 7 8 0 2 0 0 0 0 0 0 0 0 0 0 0 0 0 0 0 0
0 0 9 10 11 12 0 0 0 0 0 0 0 0 0 0 0 0 0 0 0 0 0 0
0 0 13 14 15 16 0 0 0 0 0 0 0 0 0 0 0 0 0 0 0 0 0 0
0 0 0 0 0 0 0 0 0 0 0 0 0 0 0 0 0 0 0 0 0 0 0 0
0 0 0 0 0 0 0 0 0 0 0 0 0 0 0 0 0 0 0 0 0 0 0 0